key1 = 11100100
key2 = 01010011

01011110
00111101
01101001
01001011
10111010
00011101
01010101
10011101
00111110
11110001
11110111
01111001
00011010
11010101
11010110
11100111
01101001
10010000
10111011
00100111
01001001
10010000
10100100
10100110
01011100
11001111
01010011
11110000
11001001
00001111
11101111
11110101
01101111
01100011
00111101
01010101
11110000
00011010
10111101
01100111
10010110
01100011
00010011
10101000
00011010
10011101
00011110
01111001
10101101
10001111
11111110
10011101
11010101
00011101
11011110
11010101
10110011
00111101
00011110
11010101
10010110
10100111
01001001
10110000
11111011
01000111
01101001
10010100
10100100
10100110
00011000


key1: 10111111
key2: 11111111

1111110111
AaBbCcDdEeFfGgHhIiJjKkLlMmNnOoPpQqRrSsTtUuVvWwXxYyZz123456789~`!@#$%^&*()_-+={[}]|\:;"'>.<,?/